FROM TO:
0 155
165 0
0 212
212 0
0 337
337 0
396 0
528 0
0 546
0 681
767 0
0 918
274 1
294 1
1 425
1 479
479 1
1 515
747 1
2 12
2 104
2 106
106 2
2 270
270 2
372 2
427 2
2 459
459 2
2 475
475 2
897 2
2 946
946 2
3 118
184 3
3 225
3 340
340 3
492 3
676 3
3 715
3 771
771 3
4 288
530 4
711 4
4 725
725 4
4 972
972 4
4 991
991 4
5 255
596 5
5 732
732 5
5 771
5 790
832 5
53 6
6 92
92 6
312 6
6 646
859 6
6 898
7 335
390 7
7 682
7 852
857 7
8 496
8 500
500 8
597 8
8 702
702 8
993 8
9 94
94 9
9 184
505 9
532 9
9 537
9 607
607 9
9 882
10 126
126 10
10 224
224 10
10 260
10 318
318 10
10 431
431 10
10 517
754 10
767 10
10 832
909 10
11 26
26 11
11 31
31 11
11 281
281 11
11 329
333 11
11 419
419 11
11 434
434 11
621 11
11 664
664 11
11 674
674 11
725 11
108 12
12 162
12 409
409 12
12 477
477 12
12 540
540 12
12 780
12 834
886 12
12 892
892 12
13 113
113 13
13 254
254 13
450 13
13 456
456 13
13 520
520 13
680 13
13 946
14 323
323 14
14 648
648 14
14 653
14 683
683 14
14 732
732 14
774 14
14 809
809 14
15 34
15 41
41 15
15 97
97 15
15 117
117 15
15 137
137 15
177 15
15 460
460 15
15 586
586 15
15 846
16 331
331 16
395 16
16 492
16 500
500 16
878 16
16 886
886 16
16 946
946 16
17 20
54 17
17 121
121 17
204 17
17 449
17 464
17 532
17 679
17 758
758 17
17 798
798 17
886 17
166 18
18 200
213 18
18 309
444 18
18 534
534 18
18 713
713 18
18 810
810 18
865 18
18 866
866 18
18 952
91 19
19 150
150 19
19 336
336 19
19 492
507 19
653 19
19 681
681 19
19 682
682 19
19 880
880 19
19 962
19 972
972 19
109 20
126 20
20 135
135 20
20 176
176 20
190 20
20 236
20 361
20 797
21 35
21 67
21 571
571 21
641 21
717 21
21 873
873 21
22 728
903 22
22 943
22 946
22 979
979 22
23 229
23 262
23 279
279 23
23 384
384 23
571 23
23 704
704 23
23 897
23 899
899 23
23 931
514 24
539 24
614 24
618 24
24 736
736 24
757 24
24 781
24 999
999 24
25 383
383 25
25 652
25 896
96 26
26 261
261 26
26 291
26 366
366 26
26 372
372 26
26 516
516 26
26 728
728 26
233 27
27 344
27 360
27 526
27 583
583 27
27 703
703 27
59 28
134 28
28 168
168 28
28 231
231 28
28 358
28 504
504 28
28 825
825 28
29 136
136 29
151 29
29 243
243 29
29 258
29 263
263 29
386 29
29 490
29 539
539 29
29 541
541 29
807 29
928 29
29 952
952 29
30 88
325 30
30 359
370 30
30 375
30 406
406 30
627 30
809 30
30 835
835 30
212 31
31 224
224 31
31 409
409 31
31 584
31 746
857 31
31 952
983 31
32 150
150 32
32 161
161 32
32 509
32 894
33 250
250 33
33 327
327 33
33 442
442 33
33 562
33 589
589 33
656 33
33 781
781 33
951 33
146 34
34 197
34 280
280 34
34 436
34 580
580 34
34 595
34 798
860 34
35 142
35 248
248 35
563 35
35 904
904 35
35 938
938 35
35 965
965 35
36 57
57 36
357 36
617 36
36 656
36 730
789 36
36 897
897 36
37 127
146 37
238 37
37 352
603 37
606 37
37 674
699 37
37 972
972 37
37 986
986 37
134 38
38 159
38 257
257 38
38 597
136 39
39 304
39 570
570 39
39 652
656 39
39 721
857 39
39 966
93 40
40 522
40 710
710 40
735 40
40 981
981 40
198 41
41 300
300 41
41 380
380 41
457 41
41 506
41 545
41 648
41 690
41 857
857 41
956 41
42 226
42 252
903 42
42 913
913 42
43 52
52 43
107 43
276 43
43 416
416 43
43 453
471 43
43 534
534 43
43 653
653 43
43 682
43 710
235 44
44 388
388 44
44 464
44 778
44 839
144 45
45 175
175 45
45 199
263 45
45 299
299 45
45 340
340 45
355 45
364 45
45 393
393 45
45 439
439 45
45 447
45 710
710 45
45 814
45 958
958 45
966 45
46 51
51 46
274 46
46 420
544 46
46 556
660 46
46 712
712 46
778 46
46 816
47 110
110 47
355 47
402 47
47 478
478 47
47 977
977 47
67 48
204 48
48 557
557 48
55 49
170 49
49 186
186 49
49 223
223 49
265 49
49 697
697 49
714 49
50 72
121 50
420 50
50 595
50 641
50 700
50 837
837 50
854 50
51 106
106 51
51 140
140 51
51 311
311 51
550 51
51 695
695 51
51 821
51 963
963 51
52 532
532 52
594 52
741 52
52 844
844 52
52 864
864 52
52 906
906 52
944 52
53 170
53 418
418 53
572 53
998 53
54 84
84 54
54 233
54 433
54 611
54 674
54 724
733 54
54 833
88 55
209 55
55 295
295 55
324 55
55 486
55 725
55 978
978 55
56 520
520 56
532 56
56 599
56 711
711 56
57 318
57 347
347 57
57 364
364 57
57 400
400 57
57 541
57 685
57 947
947 57
57 953
58 304
58 391
391 58
58 403
58 413
595 58
58 724
58 975
975 58
59 226
59 342
342 59
59 367
59 573
991 59
60 77
77 60
60 120
120 60
60 137
137 60
60 215
215 60
60 289
451 60
60 621
644 60
60 863
863 60
61 363
61 397
61 479
515 61
61 718
976 61
62 452
62 603
603 62
62 845
845 62
237 63
63 320
63 356
356 63
64 163
163 64
64 194
64 207
207 64
64 248
248 64
64 586
64 701
64 742
65 188
188 65
241 65
65 398
398 65
65 599
599 65
672 65
738 65
65 764
789 65
65 804
804 65
65 825
825 65
66 87
66 95
303 66
66 377
377 66
416 66
66 518
518 66
66 655
655 66
689 66
66 693
693 66
799 66
66 934
66 954
67 68
67 82
82 67
67 700
147 68
225 68
68 308
68 426
68 619
619 68
68 743
743 68
68 781
781 68
865 68
68 885
885 68
935 68
69 119
119 69
69 209
209 69
270 69
69 573
573 69
69 769
769 69
69 881
975 69
70 78
70 83
83 70
70 197
70 310
70 366
70 773
773 70
70 822
70 884
884 70
70 945
964 70
71 395
616 71
725 71
71 802
802 71
823 71
72 138
138 72
72 340
340 72
474 72
560 72
427 73
73 907
907 73
74 93
174 74
74 181
74 182
182 74
74 210
210 74
74 622
632 74
676 74
161 75
75 330
330 75
75 418
418 75
474 75
75 492
902 75
76 569
569 76
76 806
806 76
76 824
76 915
915 76
77 92
77 205
205 77
77 247
382 77
77 417
77 600
77 840
840 77
854 77
958 77
107 78
78 317
78 657
78 659
723 78
780 78
78 906
411 79
817 79
316 80
80 335
335 80
80 394
80 395
467 80
80 471
80 643
643 80
80 718
718 80
737 80
81 198
81 325
325 81
81 350
81 536
536 81
640 81
81 666
741 81
82 444
82 623
82 673
82 791
793 82
82 878
82 918
918 82
83 109
109 83
83 111
83 201
83 243
83 538
83 696
83 719
83 834
834 83
887 83
240 84
291 84
84 325
84 333
84 599
599 84
122 85
85 180
85 285
285 85
85 343
85 604
85 625
85 680
85 731
825 85
85 826
85 978
978 85
86 90
571 86
86 672
672 86
86 718
718 86
86 857
86 936
87 283
283 87
606 87
87 805
805 87
123 88
88 228
228 88
88 399
399 88
523 88
88 746
746 88
830 88
89 370
415 89
89 535
535 89
89 640
640 89
89 748
89 933
131 90
90 162
162 90
90 498
498 90
510 90
90 522
725 90
90 866
866 90
346 91
91 482
494 91
794 91
92 226
226 92
92 558
558 92
648 92
724 92
900 92
92 922
922 92
93 140
140 93
93 191
191 93
93 261
93 556
93 575
575 93
93 849
93 866
866 93
93 975
93 983
94 660
94 987
993 94
128 95
225 95
95 321
321 95
359 95
458 95
95 519
519 95
95 528
528 95
95 916
916 95
162 96
171 96
96 264
264 96
96 712
96 953
96 991
97 347
97 664
664 97
98 248
98 328
328 98
98 478
790 98
98 823
823 98
876 98
889 98
934 98
99 377
377 99
99 395
395 99
99 423
99 456
456 99
517 99
99 592
592 99
99 644
99 789
99 836
836 99
99 986
289 100
100 391
560 100
100 627
662 100
100 817
100 899
899 100
236 101
101 430
101 601
102 299
102 318
318 102
351 102
102 377
421 102
424 102
466 102
511 102
102 605
102 831
831 102
102 915
201 103
306 103
377 103
103 391
487 103
103 817
103 849
886 103
673 104
105 127
127 105
105 191
105 527
105 567
679 105
105 792
105 897
106 422
106 470
106 695
106 724
106 805
106 853
864 106
106 897
897 106
107 156
156 107
107 210
210 107
107 244
244 107
107 266
387 107
665 107
107 780
780 107
107 991
138 108
108 258
258 108
108 344
482 108
108 603
603 108
609 108
108 653
108 717
109 230
109 255
109 409
409 109
449 109
109 650
690 109
110 261
261 110
110 441
441 110
110 444
444 110
738 110
829 110
992 110
111 248
111 253
111 831
831 111
923 111
112 484
484 112
112 508
508 112
112 518
518 112
112 540
540 112
669 112
112 725
725 112
112 780
112 801
801 112
113 129
113 145
145 113
113 222
113 343
113 439
439 113
467 113
113 520
113 995
114 204
204 114
114 242
114 268
268 114
442 114
114 622
622 114
114 772
115 180
180 115
286 115
312 115
115 548
646 115
115 691
691 115
709 115
115 888
891 115
917 115
116 278
278 116
116 373
116 399
399 116
116 593
593 116
116 608
116 783
820 116
117 124
169 117
660 117
117 700
700 117
117 743
118 618
618 118
118 782
782 118
118 945
945 118
119 244
244 119
119 250
430 119
119 571
571 119
119 599
119 892
160 120
120 300
300 120
120 301
301 120
746 120
120 756
756 120
967 120
337 121
339 121
121 345
121 494
122 261
122 288
122 478
478 122
495 122
122 506
506 122
122 581
581 122
122 871
871 122
959 122
989 122
123 206
206 123
123 214
123 218
123 376
376 123
123 399
399 123
123 833
833 123
123 834
124 462
462 124
124 579
579 124
608 124
744 124
124 886
125 334
356 125
477 125
551 125
564 125
125 768
125 871
871 125
125 974
155 126
126 173
126 192
192 126
126 220
392 126
126 394
126 528
238 127
279 127
362 127
394 127
127 470
127 563
127 918
918 127
128 132
132 128
128 142
128 445
445 128
631 128
887 128
129 768
129 853
129 968
968 129
130 237
237 130
264 130
130 362
362 130
130 428
428 130
130 609
130 666
666 130
861 130
131 318
318 131
131 462
462 131
131 507
507 131
569 131
131 705
705 131
131 720
720 131
825 131
131 829
829 131
131 868
915 131
131 931
931 131
353 132
398 132
132 403
403 132
132 696
132 756
132 805
852 132
132 989
989 132
133 542
542 133
133 554
554 133
617 133
133 768
768 133
134 160
172 134
134 305
305 134
369 134
134 462
462 134
134 467
134 587
587 134
134 598
134 612
612 134
135 310
310 135
135 445
445 135
449 135
709 135
750 135
135 817
135 902
902 135
135 913
137 136
136 169
169 136
136 580
580 136
136 748
748 136
136 821
821 136
137 164
232 137
137 544
137 590
674 137
137 703
137 889
889 137
138 208
138 301
301 138
138 665
665 138
138 707
138 823
823 138
139 461
139 646
139 717
139 827
827 139
411 140
140 427
512 140
140 769
769 140
141 847
847 141
141 866
142 219
678 142
142 900
900 142
142 920
142 929
143 201
325 143
143 350
466 143
143 473
143 839
144 151
144 169
169 144
144 388
388 144
664 144
144 685
144 733
733 144
144 829
829 144
144 858
858 144
145 150
145 447
145 450
450 145
225 146
345 146
146 392
409 146
443 146
146 457
146 478
478 146
579 146
687 146
146 799
146 869
869 146
146 967
147 349
431 147
443 147
147 522
522 147
147 556
692 147
739 147
888 147
984 147
148 218
311 148
148 362
362 148
148 415
415 148
148 458
148 502
148 529
686 148
148 736
148 887
148 904
149 418
149 428
149 652
149 908
150 248
150 345
150 409
409 150
150 584
584 150
150 665
850 150
172 151
151 589
629 151
712 151
151 759
759 151
151 841
851 151
151 940
940 151
152 156
366 152
370 152
465 152
705 152
152 767
784 152
801 152
153 239
239 153
153 279
153 601
153 614
153 734
153 916
916 153
153 942
942 153
952 153
970 153
274 154
154 339
154 402
154 417
154 462
154 541
541 154
669 154
686 154
155 273
273 155
387 155
408 155
499 155
155 504
820 155
155 932
932 155
156 322
322 156
156 489
156 505
555 156
156 706
706 156
156 725
156 811
156 917
917 156
156 958
958 156
157 165
224 157
239 157
157 302
302 157
157 357
157 683
802 157
218 158
158 303
158 512
512 158
158 521
798 158
158 965
204 159
159 218
218 159
318 159
159 388
388 159
159 529
529 159
159 559
559 159
159 618
160 206
206 160
160 548
753 160
161 181
181 161
161 237
337 161
161 414
161 473
161 522
161 651
651 161
161 917
162 252
252 162
182 163
449 163
163 450
450 163
754 163
791 163
863 163
164 213
330 164
164 679
164 704
704 164
164 791
252 165
262 165
542 165
165 635
165 651
165 726
726 165
165 912
912 165
165 940
940 165
658 166
838 166
166 947
167 525
525 167
167 750
168 350
168 595
168 708
708 168
168 768
888 168
168 895
936 168
169 309
309 169
169 392
392 169
169 399
169 421
434 169
169 682
682 169
169 712
169 762
169 829
829 169
169 927
169 955
170 222
222 170
170 339
339 170
170 792
792 170
797 170
265 171
171 493
493 171
171 709
709 171
171 718
718 171
171 750
793 171
883 171
395 172
590 172
712 172
782 172
172 921
982 172
270 173
173 286
173 447
447 173
173 836
173 878
173 952
174 256
256 174
174 273
174 402
174 604
615 174
174 830
951 174
175 236
236 175
175 251
175 274
359 175
175 389
175 545
545 175
175 799
799 175
851 175
465 176
176 583
583 176
176 629
629 176
176 786
176 884
884 176
176 955
955 176
177 233
454 177
177 541
541 177
615 177
622 177
178 276
276 178
178 642
178 677
178 685
700 178
178 722
722 178
178 876
876 178
178 924
924 178
178 987
179 221
179 305
305 179
372 179
179 575
618 179
667 179
179 731
731 179
179 762
179 842
842 179
180 239
180 311
311 180
358 180
180 485
485 180
180 518
518 180
180 580
580 180
913 180
180 982
181 638
181 665
181 703
181 705
181 742
742 181
181 855
855 181
182 340
340 182
523 182
530 182
632 182
182 682
682 182
182 871
871 182
183 267
267 183
486 183
183 504
183 736
736 183
183 911
183 974
184 340
497 184
499 184
678 184
184 685
685 184
699 184
184 822
822 184
862 184
184 924
184 934
185 209
209 185
185 242
242 185
185 423
423 185
185 719
719 185
744 185
185 837
185 859
859 185
186 199
199 186
212 186
186 295
186 343
186 510
186 522
522 186
186 855
855 186
265 187
456 187
464 187
927 187
187 930
188 336
336 188
410 188
188 461
504 188
534 188
188 796
796 188
188 865
865 188
188 931
188 936
189 346
346 189
189 521
521 189
837 189
190 306
190 382
382 190
586 190
190 787
804 190
233 191
191 243
244 191
191 257
584 191
678 191
718 191
191 778
778 191
192 199
199 192
192 232
192 390
390 192
422 192
192 449
449 192
520 192
617 192
715 192
824 192
826 192
192 892
892 192
193 200
262 193
193 291
193 401
401 193
193 522
193 544
193 574
193 585
585 193
658 193
193 671
193 690
193 810
252 194
286 194
513 194
691 194
195 623
195 693
807 195
195 994
357 196
196 385
385 196
196 499
499 196
196 747
747 196
862 196
197 287
287 197
849 197
197 892
197 908
908 197
369 198
384 198
198 424
553 198
198 594
198 686
979 198
199 389
389 199
199 422
940 200
200 959
959 200
326 201
201 359
359 201
408 201
201 865
969 201
202 246
246 202
717 202
203 291
291 203
369 203
203 467
467 203
203 827
921 203
204 278
278 204
204 359
204 373
204 537
537 204
204 619
619 204
204 870
204 959
204 987
987 204
205 218
218 205
247 205
273 205
205 405
205 442
205 507
205 553
553 205
205 875
875 205
205 965
965 205
205 972
972 205
252 206
206 583
583 206
693 206
902 206
207 302
207 517
517 207
207 585
606 207
837 207
208 351
503 208
208 518
518 208
208 529
553 208
208 562
562 208
208 693
871 208
209 366
503 209
209 552
552 209
919 209
209 943
209 984
210 243
243 210
282 210
478 210
210 527
210 621
621 210
211 386
211 448
448 211
771 211
212 267
212 397
212 492
212 508
508 212
723 212
213 230
230 213
213 271
271 213
735 213
940 213
336 214
347 214
434 214
214 636
214 744
214 803
214 856
856 214
215 348
348 215
443 215
569 215
215 580
580 215
215 612
691 215
847 215
855 215
893 215
359 216
216 538
216 554
554 216
216 568
568 216
216 798
798 216
216 817
817 216
217 636
636 217
217 675
689 217
746 217
751 217
218 373
438 218
218 691
218 976
218 978
218 992
992 218
427 219
219 455
219 641
641 219
219 672
672 219
737 219
219 898
219 992
992 219
220 296
296 220
220 321
321 220
220 408
220 475
475 220
555 220
604 220
646 220
220 705
220 809
809 220
221 229
332 221
221 351
351 221
461 221
221 526
221 587
587 221
802 221
813 221
969 221
996 221
222 272
222 498
222 503
503 222
222 535
535 222
755 222
222 764
764 222
222 952
223 596
596 223
223 813
971 223
224 275
224 292
314 224
224 626
626 224
628 224
224 699
224 722
722 224
230 225
558 225
225 678
225 837
225 953
953 225
226 343
226 368
368 226
226 434
434 226
226 474
610 226
226 720
227 234
234 227
541 227
227 607
227 737
737 227
227 831
831 227
858 227
227 891
891 227
227 912
228 383
228 502
502 228
228 505
505 228
228 568
568 228
896 228
228 990
990 228
229 383
383 229
533 229
229 589
229 660
660 229
795 229
229 866
866 229
229 995
995 229
461 230
983 230
231 233
233 231
231 564
231 666
231 678
678 231
821 231
895 231
955 231
975 231
232 233
232 259
232 310
232 474
474 232
232 574
232 759
759 232
829 232
877 232
897 232
232 910
233 399
233 748
748 233
982 233
234 493
493 234
234 598
598 234
880 234
235 300
235 475
475 235
235 748
235 774
774 235
236 418
424 236
236 641
641 236
236 721
236 769
769 236
236 981
981 236
237 301
301 237
237 372
237 463
237 478
631 237
237 697
238 622
238 822
822 238
545 239
546 239
239 864
239 966
287 240
654 240
670 240
240 678
678 240
770 240
240 841
841 240
241 830
830 241
241 925
242 460
777 242
798 242
243 307
431 243
243 649
667 243
735 243
243 886
886 243
243 947
244 471
471 244
244 489
489 244
635 244
244 773
244 810
810 244
244 948
245 285
285 245
245 300
300 245
384 245
245 531
531 245
245 616
616 245
245 767
767 245
245 772
772 245
246 397
397 246
246 699
699 246
840 246
246 964
964 246
294 247
247 613
613 247
713 247
814 247
247 828
828 247
897 247
247 983
983 247
509 248
657 248
248 661
661 248
248 723
723 248
248 790
790 248
248 883
366 249
249 752
249 949
949 249
250 474
803 250
251 311
311 251
413 251
648 251
710 251
251 800
800 251
856 251
527 252
252 694
694 252
252 709
709 252
252 731
252 760
816 252
252 882
252 975
975 252
509 253
253 532
253 765
765 253
253 769
253 921
964 253
253 979
979 253
254 335
407 254
254 428
254 495
524 254
927 254
254 957
957 254
255 376
255 704
793 255
255 985
468 256
622 256
256 746
921 256
258 279
279 258
258 442
442 258
258 622
258 897
258 956
259 283
661 259
696 259
346 260
260 489
513 260
260 541
541 260
260 702
712 260
260 799
799 260
261 287
287 261
261 314
314 261
596 261
616 261
261 681
812 261
261 854
854 261
309 262
262 468
485 262
262 578
578 262
262 629
629 262
632 262
262 721
721 262
262 815
815 262
262 973
973 262
263 582
582 263
263 676
263 798
263 865
865 263
264 346
346 264
265 394
265 435
265 729
265 766
265 885
266 465
560 266
266 618
618 266
711 266
266 844
844 266
266 921
921 266
266 938
267 530
530 267
742 267
267 860
267 942
942 267
268 298
298 268
345 268
268 583
583 268
268 588
588 268
607 268
268 907
907 268
925 268
268 946
946 268
438 269
269 591
591 269
637 269
669 269
348 270
387 270
270 510
510 270
513 270
270 613
791 270
816 270
270 882
270 974
271 353
353 271
271 410
410 271
425 271
271 627
627 271
271 811
271 904
904 271
272 534
272 538
538 272
272 557
557 272
272 570
272 605
605 272
272 809
809 272
272 987
987 272
273 423
512 273
662 273
273 675
273 734
886 273
273 959
352 274
274 479
479 274
274 622
622 274
274 941
275 325
325 275
419 275
275 444
444 275
275 469
275 612
612 275
748 275
275 832
275 879
879 275
932 275
276 489
489 276
633 276
276 826
856 276
276 942
942 276
277 300
300 277
277 356
356 277
277 753
753 277
824 277
277 917
917 277
278 330
330 278
278 443
547 278
278 864
864 278
933 278
278 974
279 664
776 279
873 279
280 521
521 280
535 280
735 280
281 389
389 281
446 281
663 281
669 281
281 698
763 281
799 281
281 887
281 953
282 435
651 282
652 282
282 910
282 958
958 282
282 962
962 282
283 502
283 533
283 562
562 283
284 381
284 407
284 506
284 603
603 284
835 284
284 918
992 284
635 285
285 757
757 285
821 285
285 857
286 383
286 493
493 286
286 585
650 286
776 286
287 289
289 287
452 287
666 287
287 734
734 287
287 832
832 287
287 967
967 287
288 289
289 288
288 291
295 288
288 587
288 606
667 288
288 768
768 288
948 288
983 288
464 289
608 289
964 289
290 550
651 290
294 291
368 291
393 291
291 508
291 761
761 291
892 291
292 320
327 292
292 406
292 515
605 292
485 293
293 560
578 293
293 800
817 293
822 293
293 994
994 293
572 294
294 579
579 294
294 654
294 684
294 765
294 811
811 294
294 834
834 294
294 887
385 295
295 464
464 295
781 295
955 295
422 296
801 296
900 296
296 919
919 296
297 360
360 297
541 297
297 605
297 657
657 297
660 297
297 744
297 851
297 876
297 981
981 297
298 321
298 404
404 298
298 554
298 577
577 298
298 960
960 298
302 299
321 299
299 354
299 459
530 299
729 299
299 779
823 299
300 368
300 383
300 656
915 300
300 935
300 986
986 300
421 301
460 301
301 564
564 301
301 614
614 301
301 638
301 682
682 301
798 301
301 985
302 325
302 352
502 302
302 695
302 929
929 302
302 977
977 302
502 303
303 886
886 303
304 356
304 369
369 304
304 525
566 304
689 304
708 304
304 736
304 829
829 304
538 305
305 553
553 305
305 605
605 305
608 305
305 617
617 305
804 305
834 305
305 995
306 657
306 733
306 828
306 887
887 306
307 370
398 307
795 307
307 806
307 813
813 307
845 307
516 308
523 308
712 308
308 727
842 308
898 308
995 308
309 413
309 465
465 309
309 773
773 309
309 877
877 309
310 832
310 995
311 575
311 627
697 311
311 731
731 311
311 887
312 328
312 423
430 312
312 558
312 579
579 312
313 369
369 313
372 313
414 313
313 565
565 313
313 883
883 313
313 912
912 313
314 546
546 314
314 609
609 314
314 625
625 314
736 314
314 783
820 314
974 314
338 315
315 410
410 315
432 315
315 608
608 315
315 806
806 315
315 965
315 972
315 976
976 315
316 379
425 316
618 316
317 474
317 487
318 423
423 318
318 590
318 598
598 318
669 318
318 898
319 495
319 539
319 763
319 801
320 555
555 320
320 660
660 320
800 320
320 801
804 320
320 839
839 320
428 321
622 321
321 655
655 321
321 774
774 321
321 920
348 322
322 403
403 322
464 322
322 781
781 322
933 322
323 409
536 323
538 323
323 609
323 749
323 768
768 323
858 323
323 871
931 323
324 362
362 324
473 324
324 513
324 656
656 324
324 702
702 324
324 719
719 324
324 885
980 324
325 345
345 325
325 493
877 325
361 326
326 419
419 326
326 446
686 326
326 938
938 326
418 327
327 732
328 400
488 328
328 509
672 328
815 328
328 821
328 859
859 328
328 981
329 397
329 408
408 329
329 740
885 329
329 990
330 568
568 330
590 330
330 806
330 909
331 439
331 851
851 331
331 868
868 331
331 926
926 331
332 342
342 332
391 332
332 541
332 554
554 332
332 655
655 332
700 332
332 827
332 999
333 360
360 333
452 333
658 333
333 664
333 877
877 333
333 946
334 595
595 334
334 685
334 710
710 334
334 806
335 392
335 456
456 335
335 523
523 335
335 568
709 335
793 335
335 801
801 335
335 826
826 335
335 886
886 335
942 335
488 336
336 570
785 336
336 859
337 533
533 337
735 337
783 337
337 880
362 338
444 338
338 503
503 338
338 520
686 338
338 922
338 984
984 338
339 418
932 339
442 340
340 577
340 960
960 340
341 493
341 728
728 341
780 341
341 811
341 840
936 341
941 341
389 342
754 342
927 342
342 971
343 558
580 343
343 782
782 343
343 798
343 815
815 343
343 948
343 971
344 361
361 344
344 562
562 344
679 344
344 956
956 344
989 344
345 585
585 345
345 725
725 345
880 345
346 475
346 573
573 346
346 807
807 346
346 848
848 346
346 952
952 346
348 519
519 348
348 633
348 789
348 801
348 912
349 475
475 349
349 780
532 350
350 563
350 646
350 959
959 350
351 383
383 351
477 351
351 511
511 351
351 552
351 679
711 351
351 881
351 899
351 974
352 399
352 414
414 352
352 422
447 352
465 352
503 352
606 352
352 653
653 352
750 352
352 783
352 855
855 352
353 379
379 353
557 353
353 997
354 391
354 504
504 354
354 619
354 874
386 355
655 355
815 355
355 951
951 355
426 356
356 519
519 356
356 550
550 356
663 356
356 879
397 357
357 421
472 357
575 357
357 646
357 706
706 357
357 795
860 357
469 358
625 358
673 358
820 358
359 663
359 664
359 891
949 359
360 502
502 360
360 605
360 756
360 834
360 925
925 360
361 903
903 361
975 361
362 595
362 727
727 362
362 801
825 362
362 894
894 362
380 363
363 384
363 416
517 363
363 529
529 363
363 542
363 564
564 363
570 363
363 833
966 363
364 711
364 803
907 364
938 364
969 364
365 551
551 365
365 713
713 365
365 789
789 365
365 802
366 509
366 526
526 366
366 851
851 366
366 869
998 366
367 389
389 367
367 454
454 367
552 367
367 558
367 564
559 368
697 368
368 699
885 368
369 663
369 911
911 369
971 369
370 463
463 370
785 370
371 501
517 371
371 526
633 371
812 371
372 455
372 469
372 546
546 372
372 738
738 372
937 372
435 373
373 548
373 637
637 373
644 373
689 373
843 373
374 380
374 407
374 757
757 374
374 903
375 553
553 375
375 627
375 676
676 375
375 681
681 375
375 719
719 375
761 375
939 375
970 375
987 375
376 391
376 523
542 376
376 546
546 376
594 376
376 676
376 771
771 376
445 377
499 377
586 377
377 651
651 377
377 942
377 999
999 377
378 380
419 378
378 454
378 518
518 378
378 574
378 717
717 378
378 903
903 378
981 378
578 379
379 609
379 633
633 379
379 747
747 379
379 797
379 810
380 465
465 380
380 483
380 574
380 691
691 380
380 825
380 836
836 380
381 861
738 382
870 382
933 382
383 600
600 383
384 462
384 594
384 623
384 679
936 384
384 955
955 384
385 573
573 385
666 385
682 385
385 720
720 385
745 385
385 821
979 385
984 385
386 489
386 656
386 821
386 919
919 386
387 397
674 387
387 676
676 387
387 855
388 633
643 388
388 715
776 388
388 779
779 388
867 388
389 786
786 389
850 389
389 915
915 389
390 423
423 390
625 390
390 743
915 390
390 967
559 391
622 391
391 831
391 922
922 391
392 555
392 649
392 787
787 392
392 883
883 392
392 939
393 494
494 393
542 393
393 676
676 393
393 712
393 754
878 393
393 882
882 393
398 394
394 464
586 394
394 651
395 432
432 395
395 470
769 395
395 820
893 396
397 532
532 397
397 662
398 459
459 398
398 763
763 398
398 897
399 466
466 399
399 753
399 793
793 399
399 832
832 399
400 403
475 400
400 579
400 640
400 737
400 858
858 400
400 912
912 400
401 536
536 401
564 401
700 401
402 406
618 402
402 905
402 910
516 403
403 749
937 403
403 959
959 403
451 404
453 404
404 491
491 404
404 643
404 781
781 404
884 404
404 899
899 404
961 404
923 405
961 405
987 405
406 677
677 406
729 406
407 621
890 407
407 941
941 407
408 493
493 408
408 524
524 408
408 755
410 409
409 568
568 409
409 698
538 410
410 767
767 410
411 917
694 412
413 571
571 413
413 703
703 413
842 413
413 896
413 901
901 413
934 413
413 978
978 413
414 704
414 891
891 414
414 954
954 414
415 536
415 552
559 415
415 953
953 415
416 691
416 778
778 416
416 867
867 416
416 871
619 417
621 417
417 667
417 787
787 417
417 801
418 566
418 588
418 690
757 418
419 422
422 419
431 419
419 482
482 419
966 419
477 420
549 420
420 627
627 420
420 656
656 420
420 865
865 420
420 985
421 445
445 421
521 421
421 648
648 421
986 421
422 527
549 422
614 422
422 707
707 422
422 764
772 422
931 422
423 563
423 665
752 423
424 505
505 424
424 727
424 785
785 424
424 811
811 424
424 858
858 424
608 425
425 799
799 425
425 997
997 425
561 426
426 623
623 426
426 838
426 897
427 472
472 427
428 507
428 532
428 749
428 807
429 440
429 604
429 654
812 429
429 943
429 987
987 429
430 432
430 439
430 495
582 430
622 430
430 649
649 430
430 898
898 430
580 431
431 582
695 431
712 431
431 779
779 431
431 856
856 431
431 895
896 432
921 432
433 549
676 433
433 687
687 433
792 433
433 902
959 433
434 690
849 434
434 866
866 434
434 942
435 615
615 435
713 435
843 435
435 920
436 647
667 436
759 436
780 436
436 929
436 992
992 436
437 571
571 437
437 650
650 437
687 437
495 438
518 438
438 786
790 438
884 438
439 443
552 439
653 439
989 439
440 528
440 679
679 440
441 469
716 441
733 441
934 441
442 546
546 442
561 442
974 442
443 446
443 531
531 443
443 933
444 474
444 547
444 574
574 444
579 444
752 444
899 444
444 989
445 457
445 511
893 445
921 445
959 445
445 964
445 997
446 552
552 446
446 757
446 783
783 446
447 452
452 447
447 488
630 447
447 694
694 447
447 819
819 447
831 447
834 447
497 448
448 587
448 603
448 899
899 448
448 942
449 512
512 449
556 449
449 565
449 654
449 658
449 842
594 450
450 783
783 450
450 797
450 978
978 450
482 451
510 451
451 564
451 619
451 734
734 451
811 451
451 907
907 451
452 480
452 556
556 452
567 452
452 586
586 452
883 452
452 904
497 453
453 782
453 814
814 453
824 453
974 453
454 561
561 454
692 454
454 697
455 519
519 455
455 836
455 991
991 455
456 649
813 456
456 814
814 456
456 894
894 456
456 949
949 456
457 630
457 797
797 457
457 961
457 985
457 995
458 861
861 458
459 482
459 489
459 883
460 511
511 460
460 626
626 460
460 650
460 684
843 460
460 848
460 878
878 460
916 460
460 979
499 461
542 461
461 552
582 461
707 461
461 891
897 461
461 935
462 479
490 462
532 462
462 538
462 655
655 462
462 671
462 737
737 462
844 462
463 540
540 463
463 671
463 902
464 535
464 696
726 464
806 464
465 483
483 465
465 602
465 789
867 465
909 465
965 466
486 467
553 467
467 569
569 467
467 945
468 476
595 468
468 674
820 468
573 469
469 599
469 913
469 930
470 484
484 470
572 470
470 705
705 470
983 470
472 684
684 472
473 501
501 473
473 518
473 790
790 473
836 473
605 474
744 474
780 474
474 925
925 474
475 519
475 741
741 475
475 912
912 475
475 999
999 475
708 476
476 712
842 476
476 876
876 476
476 938
585 477
477 615
615 477
477 632
632 477
477 713
900 477
478 839
839 478
478 878
878 478
478 960
479 575
575 479
479 622
742 479
880 479
491 480
480 493
480 495
480 496
496 480
480 641
641 480
480 750
750 480
480 916
916 480
562 481
481 681
977 481
482 608
615 482
482 704
803 482
878 482
482 889
889 482
482 972
483 706
483 814
483 851
851 483
484 536
536 484
484 922
922 484
485 540
485 709
709 485
736 485
948 485
486 493
486 653
653 486
879 486
486 914
965 486
487 517
517 487
603 487
487 655
655 487
883 487
488 711
488 746
746 488
488 802
488 923
489 856
856 489
934 489
490 603
490 768
768 490
491 502
502 491
491 751
491 889
491 959
492 540
492 546
546 492
562 492
594 492
820 493
493 835
494 571
722 494
494 732
902 494
928 494
495 572
495 628
495 692
495 791
791 495
495 794
495 867
867 495
496 719
719 496
497 643
643 497
497 883
883 497
497 989
543 498
498 985
985 498
499 500
500 499
499 513
499 673
673 499
499 903
500 552
500 588
588 500
500 798
798 500
500 877
877 500
501 582
501 607
501 752
852 501
909 501
502 716
716 502
571 503
628 503
503 955
955 503
516 504
504 555
504 569
504 858
504 964
964 504
504 969
969 504
505 572
505 749
505 758
505 771
505 807
505 842
842 505
505 868
880 505
505 998
998 505
754 506
506 814
705 507
507 944
944 507
508 570
570 508
508 627
627 508
665 508
508 847
508 862
862 508
863 508
508 965
509 769
769 509
509 888
888 509
895 509
937 509
510 599
712 510
733 510
510 826
536 511
511 556
556 511
511 615
615 511
511 631
631 511
994 512
513 912
513 960
960 513
514 840
514 861
742 515
515 755
881 515
515 897
962 516
556 517
517 741
741 517
734 518
519 556
556 519
599 519
656 519
519 911
911 519
975 519
520 634
634 520
520 776
945 520
520 992
521 610
521 659
978 521
522 663
663 522
747 522
522 909
933 522
522 965
523 532
552 523
523 614
614 523
845 523
523 903
523 955
955 523
524 685
685 524
524 790
524 805
524 858
858 524
645 525
525 951
526 641
641 526
526 659
659 526
526 707
707 526
526 749
526 823
823 526
527 556
654 527
527 661
661 527
747 527
799 527
527 948
528 618
618 528
845 528
528 851
851 528
741 529
529 781
530 839
962 530
531 951
951 531
532 582
583 532
532 666
666 532
707 532
532 843
778 533
598 534
656 534
727 534
534 825
825 534
535 543
535 595
535 758
758 535
535 820
820 535
535 938
938 535
537 816
959 537
587 538
538 692
692 538
812 538
538 847
847 538
651 540
540 892
892 540
918 540
561 541
541 649
649 541
693 541
703 541
707 541
769 541
541 785
785 541
541 857
689 542
769 542
852 542
864 542
542 899
544 606
627 544
544 655
655 544
544 745
544 844
844 544
544 859
859 544
544 990
997 544
545 671
671 545
545 769
769 545
545 869
869 545
642 546
546 759
759 546
546 804
804 546
546 879
976 546
733 548
548 893
893 548
548 897
919 548
548 939
947 548
650 549
550 557
557 550
618 550
647 550
550 653
550 716
716 550
551 725
725 551
551 737
737 551
819 551
551 962
962 551
552 911
911 552
552 943
710 553
553 834
834 553
553 846
846 553
553 894
554 575
575 554
554 607
607 554
554 940
554 993
993 554
555 601
601 555
555 656
656 555
556 623
623 556
556 675
675 556
556 791
557 644
557 663
557 685
685 557
557 841
841 557
576 558
558 802
558 806
683 559
559 868
959 559
709 560
560 849
849 560
880 560
560 914
914 560
561 656
656 561
561 982
982 561
562 629
629 562
724 562
562 746
746 562
563 686
686 563
563 848
633 564
564 674
674 564
564 916
916 564
954 565
586 566
662 566
566 739
566 803
878 566
567 615
615 567
567 704
567 747
747 567
830 567
872 567
567 873
568 628
628 568
568 661
568 846
568 864
568 945
945 568
801 569
570 596
596 570
570 727
727 570
570 765
816 570
571 665
665 571
734 571
571 995
661 572
733 572
881 572
896 572
938 572
942 572
572 967
967 572
573 627
627 573
573 656
656 573
728 573
573 805
573 928
928 573
574 763
574 797
861 574
574 943
952 574
974 574
575 650
650 575
575 676
676 575
723 575
798 575
575 827
827 575
575 950
575 993
576 675
675 576
576 706
576 967
967 576
576 973
973 576
577 919
919 577
577 943
578 630
630 578
851 578
873 578
875 578
878 578
593 579
607 579
620 579
674 579
687 579
801 579
887 579
579 928
928 579
581 658
675 581
581 680
581 741
789 581
581 801
801 581
581 804
804 581
581 882
582 668
668 582
832 582
583 588
588 583
885 583
584 836
584 854
914 584
585 618
618 585
585 725
725 585
585 743
743 585
585 757
757 585
585 864
585 987
993 585
586 811
811 586
586 914
914 586
587 625
588 638
638 588
658 588
588 901
588 983
983 588
802 589
589 831
831 589
589 840
700 591
591 728
728 591
732 591
907 591
620 592
592 773
592 828
903 593
594 607
607 594
594 634
641 594
594 729
594 780
780 594
783 594
594 881
881 594
908 594
595 603
603 595
595 632
596 601
601 596
962 596
978 596
597 720
720 597
597 727
597 729
729 597
908 597
598 638
638 598
598 717
598 958
958 598
599 745
599 931
931 599
599 938
938 599
623 600
689 600
600 719
719 600
615 601
601 700
700 601
601 737
737 601
601 862
862 601
886 601
602 829
829 602
904 602
994 602
603 709
709 603
603 824
824 603
603 866
603 906
603 981
981 603
990 603
647 604
695 604
604 753
753 604
879 604
936 604
605 641
641 605
605 874
874 605
733 606
821 606
737 607
607 990
608 626
608 862
914 608
990 608
658 609
609 740
740 609
610 702
611 680
680 611
852 611
611 893
893 611
612 816
816 612
612 914
914 612
831 613
845 613
915 613
613 942
942 613
988 613
614 788
949 614
615 783
615 788
616 664
664 616
616 704
704 616
616 794
696 617
617 709
709 617
617 946
641 619
619 682
682 619
619 720
619 836
836 619
910 619
620 835
835 620
620 967
620 970
639 621
621 895
895 621
622 675
675 622
622 732
913 622
622 935
935 622
624 864
624 976
976 624
646 625
681 625
625 749
908 625
626 842
897 626
915 626
626 993
627 687
843 628
629 678
678 629
629 998
630 642
642 630
730 630
630 750
750 630
940 630
983 630
648 631
631 729
631 774
860 631
631 923
633 771
771 633
633 803
803 633
813 633
634 871
634 923
923 634
634 982
982 634
635 769
769 635
635 998
998 635
636 914
636 930
930 636
849 637
853 637
637 970
970 637
637 972
661 638
638 754
754 638
638 763
763 638
638 917
963 638
639 761
821 639
860 639
951 639
782 640
640 870
870 640
681 641
641 744
835 641
641 887
887 641
641 915
642 662
642 807
680 643
895 643
643 925
925 643
643 988
701 644
644 840
840 644
645 789
789 645
645 914
722 646
724 646
771 646
978 646
647 939
939 647
847 648
924 648
649 826
994 649
650 698
698 650
650 748
748 650
860 650
650 941
781 651
965 651
652 728
957 652
652 959
959 652
654 719
654 913
654 996
655 691
655 698
655 749
655 951
656 736
736 656
656 822
656 910
910 656
656 980
980 656
694 658
658 804
846 658
659 740
740 659
890 659
659 963
963 659
660 729
660 748
934 660
661 682
691 661
794 661
662 834
662 892
892 662
662 969
804 663
871 663
664 712
712 664
868 665
869 666
666 924
924 666
741 668
668 992
992 668
669 708
669 827
890 669
957 669
670 672
670 830
670 907
670 952
952 670
785 671
887 671
671 946
722 672
673 696
696 673
923 673
674 906
906 674
675 760
760 675
766 675
675 830
675 867
867 675
675 907
907 675
914 675
676 979
979 676
677 697
678 747
747 678
817 679
679 982
982 679
680 809
680 830
830 680
681 708
879 681
681 979
979 681
685 682
777 682
682 802
682 821
821 682
682 833
682 930
930 682
818 683
686 811
811 686
686 865
687 828
828 687
688 704
711 688
745 688
689 725
748 689
689 760
689 923
923 689
941 689
690 731
705 691
999 691
837 692
761 693
963 693
694 765
694 927
927 694
956 694
695 956
956 695
695 963
752 697
827 697
977 697
744 698
698 766
698 830
830 698
768 699
699 788
700 731
700 753
701 708
778 701
701 892
892 701
701 960
835 702
703 729
729 703
833 704
845 704
704 919
919 704
704 993
740 705
705 819
705 846
706 847
847 706
706 850
850 706
706 853
853 706
706 858
858 706
710 707
707 884
884 707
707 905
905 707
707 929
929 707
942 708
745 709
709 764
950 709
710 852
711 735
711 780
711 969
969 711
849 712
759 714
714 878
878 714
714 879
714 922
714 956
715 894
894 715
715 979
716 815
716 971
813 717
717 924
717 990
990 717
816 718
828 718
983 718
718 985
985 718
740 719
855 719
719 999
999 719
720 723
723 720
720 758
758 720
720 804
720 901
901 720
920 720
721 798
798 721
816 721
831 721
722 885
780 723
723 957
725 786
786 725
725 960
960 725
726 802
802 726
726 840
726 966
727 850
850 727
728 870
728 937
937 728
728 999
794 729
730 738
738 730
730 919
919 730
932 730
731 746
746 731
731 793
793 731
731 891
891 731
733 815
733 826
826 733
733 843
734 846
846 734
888 734
735 835
736 771
821 736
736 849
736 990
737 828
873 737
737 902
902 737
737 946
946 737
738 849
849 738
738 965
836 739
739 851
851 739
867 739
739 927
927 739
739 943
739 980
980 739
740 749
740 768
768 740
740 814
769 742
880 745
746 748
746 831
831 746
746 878
878 746
746 999
999 746
747 971
971 747
845 748
748 974
749 869
749 954
954 749
750 821
821 750
750 874
874 750
750 878
877 751
752 767
767 752
752 801
801 752
752 802
802 752
752 888
888 752
752 960
753 754
754 753
755 853
853 755
959 758
759 773
805 760
761 958
958 761
893 762
837 763
764 909
909 764
764 921
921 764
958 764
765 835
835 765
765 839
839 765
765 908
908 765
765 926
926 765
766 813
847 766
879 766
766 975
975 766
767 861
861 767
767 881
881 767
768 787
768 825
769 869
869 769
930 769
769 952
859 770
953 770
771 794
794 771
771 871
871 771
843 772
773 951
774 972
775 873
775 962
962 775
776 799
799 776
779 820
820 779
779 864
891 779
779 919
919 779
794 780
780 899
780 905
965 780
902 781
818 782
854 783
911 783
783 920
920 783
783 971
784 794
784 823
784 937
937 784
785 810
810 785
931 785
990 787
828 788
905 788
788 944
944 788
983 788
789 954
985 789
790 943
943 790
791 849
791 889
902 793
919 793
995 793
795 875
875 795
887 796
908 796
797 826
826 797
927 797
797 994
994 797
907 798
799 826
826 799
830 800
800 836
836 800
843 800
800 863
801 956
956 801
802 931
931 802
803 864
803 874
805 990
873 808
808 949
808 982
900 812
937 812
813 987
921 815
838 816
816 987
987 816
817 906
933 817
818 927
927 818
818 998
998 818
819 895
895 819
820 839
839 820
933 820
857 821
886 821
822 858
858 822
822 922
822 928
977 822
823 923
923 823
824 994
994 824
826 838
838 826
899 826
827 924
827 944
944 827
828 925
860 829
830 839
839 830
830 941
830 954
831 866
866 831
831 956
832 918
925 832
833 884
833 890
890 833
911 833
834 856
856 834
834 928
834 992
872 835
959 835
836 934
836 995
995 836
837 898
837 948
922 840
841 972
842 854
854 842
938 843
844 955
845 856
856 845
848 854
854 848
848 912
945 848
850 945
851 982
851 992
939 855
969 855
856 997
997 856
861 880
880 861
977 862
871 863
960 864
898 866
872 867
887 867
867 904
904 867
867 963
869 914
869 945
870 937
937 870
873 872
872 910
930 874
875 942
942 875
900 876
993 880
881 897
953 881
882 886
885 897
887 915
915 887
906 889
889 923
889 951
951 889
890 971
985 894
958 896
922 898
949 898
898 963
963 898
991 899
912 901
904 980
955 905
906 977
977 906
906 995
995 906
907 915
915 907
907 996
996 907
945 908
971 908
908 986
909 927
927 909
910 960
960 910
989 916
918 937
937 918
924 990
926 970
927 978
978 927
929 966
966 929
946 930
930 970
932 998
998 932
976 935
964 936
982 937
999 937
949 938
938 995
995 938
997 940
978 942
952 993
959 964
964 959
959 991
983 967
975 968
980 977
986 985
985 996
